   7440.2901549990247       0.99596042122076089        8.2958078599763038E-004   16.037032258064521        16.096064516129029        1.1306000000000000        1.2809632693548385        1.2978852927419358        7.6815870000000004       1.    1.9199999999999999     
   7440.2916402405954       0.99562140310677005        7.6085894580933569E-004   16.051365079365077        16.136888888888890        1.1443000000000001        1.2804744415873017        1.3591585969841271        6.5599249999999998       1.    1.9199999999999999     
   7440.2931388405977       0.99355599267738193        8.7899586975426084E-004   16.047301587301590        16.121444444444450        1.1385000000000001        1.2802571101587301        1.3308898114285712        6.0290809999999997       1.    1.9199999999999999     
   7440.2946450589789       0.99483615246727908        8.1980241470845790E-004   16.061064516129029        16.109096774193546        1.1332000000000000        1.2685563293548390        1.3128777974193542        6.2841839999999998       1.    1.9199999999999999     
   7440.2961329402297       0.99506127522176824        9.6071270254740888E-004   16.062634920634920        16.104222222222223        1.1278999999999999        1.2639040147619043        1.3043999974603178        7.4332310000000001       1.    1.9199999999999999     
   7440.2976379493102       0.99553470263515886        9.3325889301880535E-004   16.051803278688524        16.097213114754091        1.1277999999999999        1.2734016799999999        1.2976223896721313        6.8767930000000002       1.    1.9199999999999999     
   7440.2991279404505       0.99450316057822896        8.7832045927407670E-004   16.055349206349202        16.112126984126981        1.1341000000000001        1.2718925022222225        1.3218464798412697        8.1583629999999996       1.    1.9199999999999999     
   7440.3006263402185       0.99518708584760918        9.7040105743577019E-004   16.059174603174608        16.108999999999995        1.1334000000000000        1.2739889723809523        1.3138570887301588        6.9030719999999999       1.    1.9199999999999999     
   7440.3021230403228       0.99401254042021170        8.5549972710726016E-004   16.040206349206350        16.100317460317459        1.1432000000000000        1.3066045309523808        1.3082682180952376        6.9861789999999999       1.    1.9199999999999999     
   7440.3036206405504       0.99616342878413355        9.3501098132499523E-004   16.044047619047621        16.104349206349202        1.1337999999999999        1.2829091907936507        1.3056217049206349        8.1797749999999994       1.    1.9199999999999999     
   7440.3051181401952       0.99668900921944481        7.4867361336321465E-004   16.044317460317455        16.102904761904764        1.1336999999999999        1.2829443385714283        1.3036503134920634        5.6935650000000004       1.    1.9199999999999999     
   7440.3066158405400       0.99747615835511960        9.0445692291618162E-004   16.061888888888888        16.102206349206352        1.1287000000000000        1.2645662453968256        1.3021214295238095        8.4600369999999998       1.    1.9199999999999999     
   7440.3081143404252       0.99580750918335470        7.5209749315633485E-004   16.055746031746033        16.096730158730157        1.1319999999999999        1.2752943669841272        1.3003425044444450        7.1767979999999998       1.    1.9199999999999999     
   7440.3096109404123       0.99658989666366238        9.0652598987153656E-004   16.032253968253972        16.084492063492068        1.1328000000000000        1.2907914850793654        1.2858199417460319        6.6926920000000001       1.    1.9199999999999999     
   7440.3111082402884       0.99548161854932271        8.7420782707828921E-004   16.062666666666665        16.092634920634918        1.1272000000000000        1.2655155163492062        1.2918084784126986        4.2319680000000002       1.    1.9199999999999999     
   7440.3126057403988       0.99675545184285463        9.4543491659332163E-004   16.056238095238093        16.109603174603173        1.1348000000000000        1.2753552182539678        1.3147269736507934        6.6456949999999999       1.    1.9199999999999999     
   7440.3141032405092       0.99600101788093232        9.3072173610943873E-004   16.040047619047616        16.087000000000003        1.1303000000000001        1.2797169058730158        1.2881835834920634        4.9656750000000001       1.    1.9199999999999999     
   7440.3156019401631       0.99614491940406547        7.9714660736033150E-004   16.057507936507939        16.102079365079366        1.1325000000000001        1.2736780585714285        1.3047780687301584        7.9844320000000000       1.    1.9199999999999999     
   7440.3170983403816       0.99640612617338020        8.4584870709120889E-004   16.055619047619039        16.092666666666663        1.1066000000000000        1.2663059704761905        1.2885107207936508        6.7331469999999998       1.    1.9199999999999999     
   7440.3185843772926       0.99704577545429596        8.0592698190283714E-004   16.067596774193550        16.112177419354836        1.1871000000000000        1.2757817124193551        1.3243952393548386        6.8528750000000000       1.    1.9199999999999999     
   7440.3200936404883       0.99705049916527877        8.4513538586024849E-004   16.064682539682540        16.113888888888891        1.1338999999999999        1.2664332352380954        1.3211247406349205        7.5048709999999996       1.    1.9199999999999999     
   7440.3215911405987       0.99674022246292038        8.4169052373667347E-004   16.058746031746036        16.113158730158723        1.1443000000000001        1.2906863287301589        1.3320455798412691        6.6675000000000004       1.    1.9199999999999999     
   7440.3230895403667       0.99646179003772806        8.9379873408469517E-004   16.058746031746033        16.121936507936507        1.1435000000000000        1.2836865339682542        1.3427335484126985        5.4578629999999997       1.    1.9199999999999999     
   7440.3245861403539       0.99859714929756604        7.8119333233529276E-004   16.047460317460320        16.137015873015869        1.1496000000000000        1.2897735523809521        1.3638007492063489        8.1597790000000003       1.    1.9199999999999999     
   7440.3260829049732        1.0066248845005359        8.9777697791532920E-004   16.044612903225808        16.140032258064515        1.1873000000000000        1.2933634214516134        1.3609360724193544        6.7526130000000002       1.    1.9199999999999999     
   7440.3275844402506        1.0067140581816059        9.2404943058404902E-004   16.040904761904763        16.150507936507935        1.1607000000000001        1.3051865195238097        1.3907045598412699        7.6870690000000002       1.    1.9199999999999999     
   7440.3290787403366        1.0048615027954155        9.7727505547357137E-004   16.052190476190479        16.136968253968259        1.1474000000000000        1.2844301233333335        1.3636459533333329        6.8642269999999996       1.    1.9199999999999999     
   7440.3305773403390        1.0052507709492839        9.2314487117458547E-004   16.039698412698403        16.121126984126988        1.1424000000000001        1.2885188368253970        1.3361700058730155        8.9002909999999993       1.    1.9199999999999999     
   7440.3320738402090        1.0050531339756748        8.5723418561583326E-004   16.047142857142855        16.122492063492064        1.1408000000000000        1.2820166687301588        1.3382553449206349        6.7222980000000003       1.    1.9199999999999999     
   7440.3335713403194        1.0076556387718796        8.6949746184341291E-004   16.040714285714291        16.140936507936505        1.1557999999999999        1.3013342541269839        1.3732151325396820        7.2734680000000003       1.    1.9199999999999999     
   7440.3350689405470        1.0080766720304968        1.1564423564271174E-003   16.047666666666665        16.133349206349202        1.1500999999999999        1.2892313930158732        1.3604521047619047        6.4539299999999997       1.    1.9199999999999999     
   7440.3365665403089        1.0069326871560746        7.9082597724946418E-004   16.024111111111118        16.129999999999995        1.1535000000000000        1.3099915639682542        1.3533508057142858        6.6814920000000004       1.    1.9199999999999999     
   7440.3380650401941        1.0079354227833348        1.0322868704061316E-003   16.029603174603178        16.120206349206352        1.1468000000000000        1.3012522938095239        1.3368282549206350        7.5400850000000004       1.    1.9199999999999999     
   7440.3395614404126        1.0081513316197599        8.5325272963076193E-004   16.039174603174601        16.135523809523807        1.1476000000000000        1.2930700609523813        1.3555447473015869        8.3734889999999993       1.    1.9199999999999999     
   7440.3410590401745        1.0071724551658905        9.5877391789924197E-004   16.054460317460315        16.130015873015878        1.1435999999999999        1.2803228785714282        1.3494901922222220        6.8914790000000004       1.    1.9199999999999999     
   7440.3425566404021        1.0076870645662697        8.8124145899483438E-004   16.034619047619042        16.116396825396826        1.1437999999999999        1.2952112865079362        1.3312495228571433        6.6677670000000004       1.    1.9199999999999999     
   7440.3440542401640        1.0068483968077959        7.0414394820110797E-004   16.026190476190486        16.121571428571421        1.1500999999999999        1.3065042690476194        1.3375632028571431        7.1309469999999999       1.    1.9199999999999999     
   7440.3455529402836        1.0090717448988220        8.7143328887432552E-004   16.019968253968251        16.115777777777772        1.1483000000000001        1.3089999284126985        1.3286857984126985        8.3467599999999997       1.    1.9199999999999999     
   7440.3470493405021        1.0055469266855468        8.5681489203348225E-004   16.013206349206353        16.129888888888889        1.1601999999999999        1.3272289723809525        1.3590273896825398        6.3646130000000003       1.    1.9199999999999999     
   7440.3485467404953        1.0061749845043635        8.4760801341825589E-004   16.016571428571432        16.130253968253967        1.1551000000000000        1.3179611153968251        1.3504209215873015        7.0088499999999998       1.    1.9199999999999999     
   7440.3500443402572        1.0080700102371207        8.4863055771337273E-004   16.021698412698413        16.110079365079365        1.1466000000000001        1.3068669580952381        1.3210393301587304        7.8200529999999997       1.    1.9199999999999999     
   7440.3515417402505        1.0053452632290145        8.2140008196764731E-004   16.027190476190476        16.112206349206350        1.1438999999999999        1.2999344795238099        1.3220626007936505        7.0630150000000000       1.    1.9199999999999999     
   7440.3530405404872        1.0013550412725463        8.1168513406180932E-004   16.023253968253957        16.115476190476187        1.1447000000000001        1.3029408865079368        1.3236056792063495        7.7300800000000001       1.    1.9199999999999999     
   7440.3545369402400       0.99796925547875570        9.5736537854475084E-004   16.009857142857140        16.124142857142854        1.1592000000000000        1.3271656869841271        1.3467139688888889        8.1588250000000002       1.    1.9199999999999999     
   7440.3560347402363       0.99735799917786827        8.1148012068773298E-004   16.017079365079361        16.130126984126981        1.1611000000000000        1.3242228501587301        1.3578467426984127        7.5134660000000002       1.    1.9199999999999999     
   7440.3575370050967       0.99549467670781044        8.2731712944223638E-004   16.017629032258061        16.124064516129035        1.1585000000000001        1.3142627091935486        1.3395067703225809        7.8968090000000002       1.    1.9199999999999999     
   7440.3590294405712       0.99543578337503225        7.5439550630018205E-004   16.006587301587309        16.125000000000004        1.1588000000000001        1.3293117890476189        1.3453816928571432        4.7030719999999997       1.    1.9199999999999999     
   7440.3605282403423       0.99682342701805138        8.2469175511286721E-004   16.023047619047620        16.118063492063492        1.1459999999999999        1.3030127134920635        1.3305847157142854        6.0058629999999997       1.    1.9199999999999999     
   7440.3620245404436       0.99600031098435171        8.3811099057278448E-004   16.029857142857146        16.119460317460312        1.1455000000000000        1.2965429003174600        1.3367127655555557        6.0111270000000001       1.    1.9199999999999999     
   7440.3635221402055       0.99552322930964698        7.9850879083005429E-004   16.011587301587305        16.115063492063495        1.1561999999999999        1.3286532615873010        1.3360457701587298        6.3321990000000001       1.    1.9199999999999999     
   7440.3650198405503       0.99578365000996405        8.7551562302905412E-004   16.020079365079361        16.124698412698411        1.1550000000000000        1.3189494112698412        1.3441379033333338        5.6468160000000003       1.    1.9199999999999999     
   7440.3665173401951       0.99530417054205755        8.6808046939152567E-004   16.030555555555555        16.118984126984120        1.1456000000000000        1.2982669406349203        1.3291269366666667        5.9334530000000001       1.    1.9199999999999999     
   7440.3680158405459       0.99518324598538299        8.0272868269236331E-004   16.013999999999999        16.129476190476186        1.1588000000000001        1.3253851715873015        1.3525656974603175        7.6124609999999997       1.    1.9199999999999999     
   7440.3695124405331       0.99665039004544920        9.4171411243568713E-004   16.025476190476194        16.116825396825394        1.1491000000000000        1.3094322720634917        1.3285333255555558        7.4505200000000000       1.    1.9199999999999999     
   7440.3710099401778       0.99589419732483486        7.6021705511649198E-004   16.028365079365081        16.116523809523809        1.1448000000000000        1.3009496088888888        1.3257524439682540        6.5017199999999997       1.    1.9199999999999999     
   7440.3725074402882       0.99474351107082759        8.9582141756565847E-004   16.028761904761911        16.128190476190479        1.1546000000000001        1.3098671753968256        1.3495915846031745        7.6471559999999998       1.    1.9199999999999999     
   7440.3740015179346       0.99626337064362014        8.2770505508296367E-004   16.030209677419354        16.120661290322577        1.1863999999999999        1.2991722725806452        1.3308909170967744        7.4219819999999999       1.    1.9199999999999999     
   7440.3755034402839       0.99857412143455415        9.1971418519830859E-004   16.025349206349208        16.112650793650797        1.1488000000000000        1.3096527733333336        1.3307468136507938        7.5167500000000000       1.    1.9199999999999999     
   7440.3770000402710        1.0002175032949399        7.7347232759649375E-004   16.007460317460314        16.114015873015873        1.1578999999999999        1.3345386755555553        1.3300909809523807        7.6795850000000003       1.    1.9199999999999999     
   7440.3784976404986        1.0038668823409016        8.4093229561440195E-004   16.024761904761903        16.124952380952379        1.1506000000000001        1.3093052212698411        1.3395076880952379        8.9671020000000006       1.    1.9199999999999999     
   7440.3799951406090        1.0017853037729205        7.6911639413286060E-004   16.007825396825396        16.117730158730151        1.1594000000000000        1.3369493373015868        1.3378440985714284        6.5394629999999996       1.    1.9199999999999999     
   7440.3814926402538        1.0005725463439585        8.0380650172865407E-004   16.033984126984130        16.120523809523817        1.1528000000000000        1.3114556604761902        1.3412246460317463        7.4679300000000000       1.    1.9199999999999999     
   7440.3829913403733        1.0024787862840709        8.5067362197814177E-004   16.017587301587305        16.114873015873016        1.1478999999999999        1.3073929265079358        1.3284349250793652        7.4274979999999999       1.    1.9199999999999999     
   7440.3844876404746        1.0014980266577105        6.9300757410501487E-004   16.008190476190475        16.122698412698409        1.1609000000000000        1.3279324468253968        1.3442324812698414        7.2586329999999997       1.    1.9199999999999999     
   7440.3859852402366        1.0020644317843481        7.8756922941265761E-004   16.021857142857140        16.123682539682541        1.1512000000000000        1.3102670079365077        1.3423881134920637        9.3042300000000004       1.    1.9199999999999999     
   7440.3874827403470        1.0011447480225570        7.8730210241748479E-004   16.018682539682537        16.132666666666665        1.1546000000000001        1.3138905174603182        1.3524381792063498        9.2542460000000002       1.    1.9199999999999999     
   7440.3889802404574       0.99970904106722625        8.5317388552371256E-004   16.049269841269837        16.130666666666666        1.1433000000000000        1.2824263758730154        1.3509221511111109        8.2806020000000000       1.    1.9199999999999999     
   7440.3904789405769        1.0020232168861092        8.6127108906184453E-004   16.049968253968252        16.145158730158734        1.1528000000000000        1.2904397131746035        1.3785554909523807        8.9144900000000007       1.    1.9199999999999999     
   7440.3919752402126        1.0009037415299313        8.5229278098207116E-004   16.057174603174605        16.119380952380951        1.1368000000000000        1.2715072201587299        1.3309755077777778        7.2622220000000004       1.    1.9199999999999999     
   7440.3934730402088        1.0006346231740859        7.7763874579830027E-004   16.044349206349203        16.116682539682539        1.1399999999999999        1.2823328276190475        1.3277992630158730        9.1841320000000000       1.    1.9199999999999999     
   7440.3949674645664        1.0012068018671447        8.7723067102631546E-004   16.034596774193549        16.137451612903231        1.2137000000000000        1.2998578854838714        1.3647227866129028        4.7708550000000001       1.    1.9199999999999999     
   7440.3964681405469       0.99944759678066009        9.0049217336642172E-004   16.025888888888886        16.121666666666670        1.1478999999999999        1.3029791058730162        1.3356726773015875        7.4846339999999998       1.    1.9199999999999999     
   7440.3979667405492        1.0023808839352351        8.7953269336528937E-004   16.034396825396826        16.132936507936503        1.1515000000000000        1.2981232215873020        1.3549224292063495        10.783580000000001       1.    1.9199999999999999     
   7440.3994631403020        1.0015858401785478        8.1745696914164046E-004   16.046174603174602        16.141412698412704        1.1519999999999999        1.2940354061904764        1.3684458753968247        9.7091270000000005       1.    1.9199999999999999     
   7440.4009607405296        1.0019983001954342        8.0450250707707035E-004   16.022587301587304        16.115444444444442        1.1452000000000000        1.3023160401587304        1.3243572614285712        8.9667110000000001       1.    1.9199999999999999     
   7440.4024581405229        1.0001348472915559        8.9440249882213017E-004   16.031095238095237        16.130539682539677        1.1499999999999999        1.3028224768253969        1.3509984596825400        9.7343899999999994       1.    1.9199999999999999     
   7440.4039663786325        1.0024004812063376        8.6403915767296652E-004   16.008161290322587        16.113903225806453        1.1670000000000000        1.3222516450000001        1.3287947870967742        8.8615189999999995       1.    1.9199999999999999     
   7440.4054544404044        1.0007853674561198        7.9134049484400352E-004   16.024349206349200        16.124444444444446        1.1520999999999999        1.3085626669841273        1.3471996819047620        4.8023910000000001       1.    1.9199999999999999     
   7440.4069508406228        1.0017568073579606        8.8292920462527079E-004   16.023365079365071        16.126047619047618        1.1517999999999999        1.3071035752380955        1.3459018180952378        8.1715999999999998       1.    1.9199999999999999     
   7440.4084483402676        1.0019282778477396        8.5966595961338790E-004   16.027936507936509        16.115682539682542        1.1462000000000001        1.2993245071428574        1.3304228158730158        8.0524559999999994       1.    1.9199999999999999     
   7440.4099458403780       0.99866168047262172        9.4974324349077818E-004   16.020936507936515        16.114650793650792        1.1490000000000000        1.3109594431746034        1.3278631525396825        7.1650999999999998       1.    1.9199999999999999     
   7440.4114434406056       0.99692049240133562        8.3242251467487778E-004   15.999158730158726        16.129682539682538        1.1687000000000001        1.3495248044444443        1.3578707246031749        7.8350600000000004       1.    1.9199999999999999     
   7440.4129420406080        1.0006628142097227        9.8429180907161590E-004   16.014063492063499        16.109555555555556        1.1512000000000000        1.3186167855555551        1.3238838039682543        9.3497199999999996       1.    1.9199999999999999     
   7440.4144384403608        1.0010938401584040        9.4204393592726271E-004   16.022000000000002        16.130539682539688        1.1585000000000001        1.3212805301587298        1.3564088195238098        10.790190000000001       1.    1.9199999999999999     
   7440.4159383916076       0.99958843019020793        9.3910671393736137E-004   16.028838709677423        16.109483870967740        1.1556999999999999        1.3040550940322577        1.3222159187096776        8.2932659999999991       1.    1.9199999999999999     
   7440.4174336403503        1.0001226321186418        7.7867420660952488E-004   16.021650793650796        16.131666666666664        1.1579999999999999        1.3160692738095243        1.3529630031746036        6.9723210000000000       1.    1.9199999999999999     
   7440.4189311404607        1.0004800673056891        8.8950592699988751E-004   16.002000000000002        16.125634920634916        1.1593000000000000        1.3299497896825396        1.3433744279365076        7.7981189999999998       1.    1.9199999999999999     
   7440.4204246978079        1.0000196504214336        9.1578978351707476E-004   16.008951612903228        16.128435483870966        1.1654000000000000        1.3323496450000001        1.3542992761290331        10.757040000000000       1.    1.9199999999999999     
   7440.4219264405674        1.0006051993108125        8.2886011701470582E-004   16.007666666666669        16.121190476190481        1.1572000000000000        1.3247817941269842        1.3378664214285720        8.5563739999999999       1.    1.9199999999999999     
   7440.4234238405606       0.99905049621267827        8.1653419003537475E-004   16.023888888888891        16.120269841269849        1.1480999999999999        1.3071252338095234        1.3334327393650793        9.0408939999999998       1.    1.9199999999999999     
   7440.4249213402054       0.99913393262988748        8.3855696585848755E-004   16.025428571428574        16.135476190476187        1.1590000000000000        1.3161213911111111        1.3629975619047623        9.2490579999999998       1.    1.9199999999999999     
   7440.4264189404330        1.0003527467487530        8.6463257563960158E-004   16.019666666666662        16.123936507936506        1.1557999999999999        1.3212284055555554        1.3446630123809518        7.8558849999999998       1.    1.9199999999999999     
   7440.4279218403517       0.99887902572289955        9.1228569713305038E-004   16.012841269841264        16.130682539682539        1.1657000000000000        1.3353520117460327        1.3594557025396827        11.154420000000000       1.    1.9199999999999999     
   7440.4294139401882       0.99995521638764939        9.4594701553576152E-004   16.016222222222215        16.119285714285713        1.1527000000000001        1.3196803293650794        1.3361614904761909        8.1623800000000006       1.    1.9199999999999999     
   7440.4309222788806       0.99836540406227126        7.7989117844316899E-004   16.024854838709672        16.130274193548388        1.1608000000000001        1.3213198085483868        1.3561978127419352        9.3270510000000009       1.    1.9199999999999999     
   7440.4324092402949       0.99904649800561807        8.8801534453799831E-004   16.025507936507942        16.118269841269839        1.1505000000000001        1.3127895139682542        1.3371643230158734        9.5437279999999998       1.    1.9199999999999999     
   7440.4339066402881       0.99901239731456704        8.3531590183135579E-004   16.025317460317464        16.118126984126981        1.1517999999999999        1.3142213976190473        1.3342695704761904        10.712660000000000       1.    1.9199999999999999     
   7440.4354053404077       0.99980624217465386        9.1250088843148605E-004   16.014047619047616        16.121047619047619        1.1583000000000001        1.3235365831746027        1.3433768423809525        9.0907710000000002       1.    1.9199999999999999     
   7440.4369015403918       0.99955238147460546        7.6968218440918133E-004   16.015873015873016        16.114999999999995        1.1527000000000001        1.3174868442857146        1.3303081822222225        7.1135200000000003       1.    1.9199999999999999     
   7440.4383990405022       0.99720869696485903        8.1871649579686541E-004   16.014015873015875        16.110523809523809        1.1586000000000001        1.3328331311111112        1.3358811423809525        8.4365229999999993       1.    1.9199999999999999     
   7440.4398969406157       0.99946073940188840        1.0611224218995802E-003   16.023571428571422        16.129142857142860        1.1591000000000000        1.3194871833333339        1.3583957282539683        10.999050000000000       1.    1.9199999999999999     
   7440.4413944402604       0.99874866268307938        9.8700798834275533E-004   16.012015873015876        16.117714285714285        1.1566000000000001        1.3207643377777778        1.3327633933333338        6.7884330000000004       1.    1.9199999999999999     
   7440.4428928404941       0.99886748917070300        8.1907404259546756E-004   16.006095238095234        16.094523809523814        1.1460999999999999        1.3168249357142865        1.3011820200000004        8.7457239999999992       1.    1.9199999999999999     
   7440.4443893403641       0.99921842656438109        7.2417015107530895E-004   16.017587301587298        16.114238095238093        1.1483000000000001        1.3076835795238093        1.3246474096825400        11.609859999999999       1.    1.9199999999999999     
   7440.4458869405917       0.99875676654548040        8.0747781995327218E-004   16.021555555555551        16.126777777777779        1.1538999999999999        1.3136312280952378        1.3460187634920635        7.5022599999999997       1.    1.9199999999999999     
   7440.4473843405849       0.99871507095756662        8.4876545115881790E-004   16.002984126984128        16.121761904761904        1.1591000000000000        1.3307352295238093        1.3399088758730164        9.9658580000000008       1.    1.9199999999999999     
   7440.4488820404640        1.0001831594314652        7.4754390706444865E-004   16.026063492063489        16.113396825396826        1.1437999999999999        1.2974638671428571        1.3258515050793647        8.3353040000000007       1.    1.9199999999999999     
   7440.4503805403492        1.0013176888572239        9.4932864460014273E-004   16.012476190476189        16.115142857142864        1.1491000000000000        1.3122025633333330        1.3266333431746027        9.4208890000000007       1.    1.9199999999999999     
   7440.4518779403425        1.0001622013616414        8.2424796595892478E-004   16.012650793650799        16.088857142857144        1.1402000000000001        1.3042580401587300        1.2960715899999999        9.4357740000000003       1.    1.9199999999999999     
   7440.4533746404468       0.99938079222620091        8.7967335358419261E-004   16.017555555555557        16.112158730158733        1.1443000000000001        1.3062141226984123        1.3196215176190469        9.1335960000000007       1.    1.9199999999999999     
   7440.4548720404400       0.99939495277850465        8.6007323850872085E-004   15.987857142857147        16.107571428571433        1.1597999999999999        1.3453203552380957        1.3194364385714283        8.3758510000000008       1.    1.9199999999999999     
   7440.4563696402020        1.0010022546374131        7.6858001414776634E-004   16.007047619047615        16.094031746031746        1.1436999999999999        1.3128739965079363        1.2984024907936507        9.4483069999999998       1.    1.9199999999999999     
   7440.4578683403215       0.99873399316523759        8.2561052543203139E-004   15.999857142857143        16.102936507936501        1.1541999999999999        1.3307037296825397        1.3138048198412702        8.7197189999999996       1.    1.9199999999999999     
   7440.4593647405400       0.99919500283928420        8.2720714842893749E-004   16.009968253968253        16.106190476190484        1.1473000000000000        1.3146754049206346        1.3125169388888889        10.186460000000000       1.    1.9199999999999999     
   7440.4608621405332       0.99872770461325588        9.8260654668086140E-004   16.005174603174606        16.100777777777772        1.1499999999999999        1.3242517676190473        1.3090748047619050        10.704940000000001       1.    1.9199999999999999     
   7440.4623717990662        1.0004566285305359        8.5636662819633415E-004   15.993354838709680        16.095709677419354        1.1570000000000000        1.3381538577419356        1.3130636238709681        8.6321870000000001       1.    1.9199999999999999     
   7440.4638573405227       0.99938350105389795        9.5003812729256034E-004   15.985111111111111        16.086047619047619        1.1564000000000001        1.3465960574603171        1.2983671688888891        6.5904850000000001       1.    1.9199999999999999     
   7440.4653559405251       0.99944945733246027        9.0685915069993364E-004   16.003936507936508        16.076936507936505        1.1399999999999999        1.3144591046031746        1.2778449238095237        7.4997010000000000       1.    1.9199999999999999     
   7440.4668523402779       0.99916320380349921        8.3912716623561138E-004   15.989301587301592        16.110222222222220        1.1607000000000001        1.3430020433333332        1.3261576517460318        10.370609999999999       1.    1.9199999999999999     
   7440.4683500406227       0.99872570833731200        7.7326122297802084E-004   16.007333333333335        16.093571428571430        1.2103999999999999        1.3135937052380950        1.2983520166666664        8.6070790000000006       1.    1.9199999999999999     
   7440.4698475402674       0.99924042518597156        8.9027675780076567E-004   15.999666666666673        16.078444444444450        1.1438999999999999        1.3224942071428567        1.2815667882539683        10.038860000000000       1.    1.9199999999999999     
   7440.4713452406122       0.99921356311590626        7.7065925632162173E-004   16.006047619047617        16.097095238095243        1.1457999999999999        1.3177793006349205        1.3034034688888891        8.2463320000000007       1.    1.9199999999999999     
   7440.4728438406146        1.0003997242679170        9.9995824787389611E-004   15.998412698412704        16.106857142857141        1.1535000000000000        1.3287512765079361        1.3172671326984129        8.0743259999999992       1.    1.9199999999999999     
   7440.4743401402502       0.99784848361174205        8.5342870470919349E-004   15.990031746031748        16.109761904761900        1.1609000000000000        1.3449318147619049        1.3231578646031745        8.7795830000000006       1.    1.9199999999999999     
   7440.4758377404778       0.99847131039586201        8.6283813692545567E-004   15.987095238095240        16.092253968253964        1.1529000000000000        1.3403741557142856        1.2996496469841265        9.6863170000000007       1.    1.9199999999999999     
   7440.4773351404710       0.99908200117948520        7.2789659482271171E-004   15.999301587301586        16.098539682539684        1.1488000000000000        1.3262263326984127        1.3046004822222224        11.130420000000001       1.    1.9199999999999999     
   7440.4788328403502       0.99837196032282927        7.7361272876730900E-004   16.012111111111107        16.098873015873021        1.1463000000000001        1.3157553466666665        1.3032867815873015        10.458970000000001       1.    1.9199999999999999     
   7440.4803312405838       0.99732548193515769        8.2000950536386460E-004   15.996111111111109        16.085888888888888        1.1507000000000001        1.3353265276190474        1.2958904028571427        9.8448410000000006       1.    1.9199999999999999     
   7440.4818278405710       0.99631786023873181        7.6246826018174061E-004   15.981269841269837        16.111158730158728        1.1667000000000001        1.3609068301587302        1.3279991407936507        10.087130000000000       1.    1.9199999999999999     
   7440.4833252405642       0.99791779340768316        9.3350194946930721E-004   15.991396825396823        16.090206349206351        1.1532000000000000        1.3386455426984127        1.3004867726984124        8.6939130000000002       1.    1.9199999999999999     
   7440.4848231402120       0.99857191591722250        9.7221369931118208E-004   15.998206349206347        16.091857142857133        1.1509000000000000        1.3295356977777775        1.3026561720634922        9.1231690000000008       1.    1.9199999999999999     
   7440.4863206403224       0.99716384579060879        8.1382159449365260E-004   16.007761904761907        16.102015873015876        1.1480999999999999        1.3195820230158726        1.3098193236507936        8.7149350000000005       1.    1.9199999999999999     
   7440.4877922442647       0.99862893136783248        8.4471270792475447E-004   16.008433333333333        16.089683333333333        1.1462000000000001        1.3224475941666667        1.2934228346666663        9.2352139999999991       1.    1.9199999999999999     
   7440.4893154403089       0.99651463197092593        8.6311127966001808E-004   15.989428571428574        16.103301587301583        1.1637999999999999        1.3594496838095234        1.3214227457142864        6.0892980000000003       1.    1.9199999999999999     
   7440.4908129404193       0.99680636536218026        1.0245357442850390E-003   15.973920634920635        16.100777777777775        1.1725000000000001        1.3819249055555551        1.3209915158730159        8.6472630000000006       1.    1.9199999999999999     
   7440.4923105401813       0.99563753165915425        8.1728618641452875E-004   15.981031746031753        16.105396825396820        1.1714000000000000        1.3744898749206347        1.3285428338095233        9.3840710000000005       1.    1.9199999999999999     
